The input matrix is:
36 54 30 24 54 36 42 54 54 18
54 145 117 44 105 118 111 129 97 59
30 117 110 45 88 120 91 105 79 67
24 44 45 90 124 116 57 69 114 89
54 105 88 124 267 186 188 154 203 140
36 118 120 116 186 199 134 137 168 142
42 111 91 57 188 134 260 180 194 162
54 129 105 69 154 137 180 211 178 142
54 97 79 114 203 168 194 178 297 234
18 59 67 89 140 142 162 142 234 243

The inverse is:
12.6828 -10.0316 1.67956 -11.1166 -0.207564 9.85016 -1.02668 0.582508 -0.703998 0.490122
-10.0316 8.38409 -2.32895 8.16614 0.126785 -7.00421 0.706931 -0.408492 0.472432 -0.308876
1.67956 -2.32895 2.73173 0.252069 0.068848 -0.816563 0.147628 -0.103741 0.0671769 -0.0694444
-11.1166 8.16614 0.252069 11.1316 0.206535 -10.2065 1.14713 -0.656737 0.687718 -0.503733
-0.207564 0.126785 0.068848 0.206535 0.0406574 -0.242661 0.00584166 -0.0141901 0.0118782 0.00130208
9.85016 -7.00421 -0.816563 -10.2065 -0.242661 9.54718 -1.05561 0.621582 -0.648852 0.460417
-1.02668 0.706931 0.147628 1.14713 0.00584166 -1.05561 0.144457 -0.0779082 0.0692602 -0.0604167
0.582508 -0.408492 -0.103741 -0.656737 -0.0141901 0.621582 -0.0779082 0.0630612 -0.0413265 0.025
-0.703998 0.472432 0.0671769 0.687718 0.0118782 -0.648852 0.0692602 -0.0413265 0.0829082 -0.0625
0.490122 -0.308876 -0.0694444 -0.503733 0.00130208 0.460417 -0.0604167 0.025 -0.0625 0.0625

Matrix Dimension: 10
Number of threads: 1     Run time: 0.000000e+00
X is:
1.00000000000227374e+00
2.00000000000090949
2.99999999999846523
4.00000000000773070
5.00000000000009948
6.00000000000136424
6.99999999999994316
8.00000000000000000
9.00000000000017053
0.99999999999971578
Number of threads: 2     Run time: 1.00000000000000002e-03
X is:
1.00000000000227374e+00
2.00000000000090949
2.99999999999846523
4.00000000000773070
5.00000000000009948
6.00000000000136424
6.99999999999994316
8.00000000000000000
9.00000000000017053
0.99999999999971578
Number of threads: 4     Run time: 0.00000000000000000e+00
X is:
1.00000000000227374e+00
2.00000000000090949
2.99999999999846523
4.00000000000773070
5.00000000000009948
6.00000000000136424
6.99999999999994316
8.00000000000000000
0.00000000000000000
0.00000000000000000
Number of threads: 8     Run time: 0.00000000000000000e+00
X is:
1.00000000000227374e+00
2.00000000000090949
2.99999999999846523
4.00000000000773070
5.00000000000009948
6.00000000000136424
6.99999999999994316
8.00000000000000000
0.00000000000000000
0.00000000000000000
Number of threads: 16    Run time: 0.00000000000000000e+00
X is:
1.00000000000227374e+00
2.00000000000090949
2.99999999999846523
4.00000000000773070
5.00000000000009948
6.00000000000136424
6.99999999999994316
8.00000000000000000
9.00000000000017053
0.99999999999971578
Number of threads: 32    Run time: 0.00000000000000000e+00
X is:
1.00000000000227374e+00
2.00000000000090949
2.99999999999846523
4.00000000000773070
5.00000000000009948
6.00000000000136424
6.99999999999994316
8.00000000000000000
9.00000000000017053
0.99999999999971578
Number of threads: 64    Run time: 1.00000000000000002e-03
X is:
1.00000000000227374e+00
2.00000000000090949
2.99999999999846523
4.00000000000773070
5.00000000000009948
6.00000000000136424
6.99999999999994316
8.00000000000000000
9.00000000000017053
0.99999999999971578
Number of threads: 128   Run time: 0.00000000000000000e+00
X is:
1.00000000000227374e+00
2.00000000000090949
2.99999999999846523
4.00000000000773070
5.00000000000009948
6.00000000000136424
6.99999999999994316
8.00000000000000000
9.00000000000017053
0.99999999999971578
Number of threads: 256   Run time: 1.00000000000000002e-03
X is:
1.00000000000227374e+00
2.00000000000090949
2.99999999999846523
4.00000000000773070
5.00000000000009948
6.00000000000136424
6.99999999999994316
8.00000000000000000
9.00000000000017053
0.99999999999971578
Number of threads: 512   Run time: 0.00000000000000000e+00
X is:
1.00000000000227374e+00
2.00000000000090949
2.99999999999846523
4.00000000000773070
5.00000000000009948
6.00000000000136424
6.99999999999994316
8.00000000000000000
9.00000000000017053
0.99999999999971578
Number of threads: 1024  Run time: 0.00000000000000000e+00
X is:
1.00000000000227374e+00
2.00000000000090949
2.99999999999846523
4.00000000000773070
5.00000000000009948
6.00000000000136424
6.99999999999994316
8.00000000000000000
9.00000000000017053
0.99999999999971578
Number of threads: 2048  Run time: 0.00000000000000000e+00
X is:
1.00000000000227374e+00
2.00000000000090949
2.99999999999846523
4.00000000000773070
5.00000000000009948
6.00000000000136424
6.99999999999994316
8.00000000000000000
9.00000000000017053
0.99999999999971578

C:\Users\alam23\source\repos\lab2\Lab21\x64\Debug\Part2.exe (process 5616) exited with code 0.
To automatically close the console when debugging stops, enable Tools->Options->Debugging->Automatically close the console when debugging stops.
Press any key to close this window . . .
